England_S Raindays>=1.0mm
Areal series, starting from 1961
Allowances have been made for topographic, coastal and urban effects where relationships are found to exist.
Seasons: Winter=Dec-Feb, Spring=Mar-May, Summer=June-Aug, Autumn=Sept-Nov. (Winter: Year refers to Jan/Feb).
Values are ranked and displayed to 1 dp. Where values are equal, rankings are based in order of year descending.
Data are provisional from January 2018 and Winter 2018.  Last updated 12/04/2019.

     JAN  Year     FEB  Year     MAR  Year     APR  Year     MAY  Year     JUN  Year     JUL  Year     AUG  Year    SEP   Year     OCT  Year     NOV  Year     DEC  Year     WIN  Year     SPR  Year     SUM  Year     AUT  Year     ANN  Year
    23.6  2014    18.9  1977    19.6  1981    19.9  1998    18.9  1967    17.2  1991    16.8  2009    15.8  2008    17.9  1974    20.4  1976    21.3  2009    19.8  1993    57.4  2014    47.9  1983    45.0  2012    49.0  1974   149.7  2012
    20.3  1988    18.4  2014    18.6  1979    19.0  2012    18.0  1983    16.8  1998    16.0  1988    15.4  2004    15.7  2017    18.2  1967    20.1  2002    19.4  1978    49.4  1995    46.3  1979    40.5  1985    48.8  2000   149.4  2000
    18.8  1984    17.3  1995    16.9  2018    18.6  2000    17.3  1969    16.2  2012    15.8  2012    15.1  1985    15.2  1968    17.7  2013    19.2  1963    18.8  1999    48.8  1994    43.7  1981    38.6  2007    47.5  1976   147.4  2014
    17.9  1970    16.1  2007    16.2  2001    16.9  1983    17.0  1981    15.5  1997    15.8  2007    15.1  1963    15.1  1995    17.6  2000    18.6  2000    18.7  1965    47.1  1970    41.7  1986    35.3  1963    42.8  1967   146.1  1966
    17.5  1995    15.7  2002    15.7  1988    16.1  2001    14.8  2006    15.5  1987    14.1  1965    14.9  1992    14.6  1999    17.0  1998    18.5  2015    18.6  2012    46.5  1977    40.3  1963    35.0  1997    42.4  1984   142.1  2002
    17.5  1975    15.6  2010    15.2  2008    16.1  1966    14.8  1979    15.1  1985    12.5  1993    13.3  2014    14.4  1967    16.9  1981    17.8  1970    17.6  2015    45.2  1990    38.2  2001    34.6  1980    42.0  1998   141.6  1965
    17.4  2004    15.5  2000    15.2  1980    14.9  1970    14.5  2007    15.0  1982    11.5  1966    13.3  2010    14.0  1976    16.7  2004    17.0  1974    17.4  1966    45.1  2016    37.8  2000    34.5  1965    40.8  1982   141.5  1998
    17.1  2016    15.5  1990    14.8  1975    14.9  1963    14.1  2014    14.8  2007    11.3  1980    13.0  2012    13.6  1981    16.6  1987    16.9  1992    16.6  2009    44.8  1966    37.5  1972    34.2  2008    40.7  1992   141.2  1974
    17.1  1999    15.3  1970    14.7  1963    14.8  1961    13.9  1972    14.8  1980    11.1  1970    12.6  1971    13.5  1994    16.4  2012    16.5  2014    16.5  2002    44.6  2007    37.4  1994    33.4  1966    40.2  1981   139.0  1999
    17.1  1986    15.3  1966    14.5  1978    14.4  1989    13.8  2002    14.2  2016    11.0  2015    12.5  1999    13.5  1984    16.2  1966    16.4  1997    16.3  1986    44.3  2010    36.9  2008    33.3  1987    38.9  2013   138.3  1994
    17.0  1994    14.1  1997    14.5  1977    14.0  1986    13.5  1986    12.4  1972    11.0  2008    12.5  1974    13.5  1965    15.8  2001    16.3  1984    16.2  2000    43.7  1979    36.8  2018    32.7  1968    38.2  2001   138.1  1977
    16.8  1990    13.8  1974    14.2  1992    13.5  1975    13.3  1973    12.4  1968    10.9  2017    12.2  2006    13.1  1998    15.3  2014    15.3  1996    16.1  1998    43.2  1999    36.7  1965    32.1  2009    38.1  1963   137.8  1979
    16.5  1971    13.6  1972    14.2  1982    13.3  2016    13.2  2000    11.8  2011    10.7  2002    12.1  1977    13.0  1993    15.2  1982    15.1  1982    15.7  2011    41.7  1984    36.0  1969    31.9  1988    38.0  2012   136.9  1970
    16.4  1974    13.2  1978    14.1  1986    13.1  2004    12.3  1962    11.7  1999    10.7  1978    12.0  2015    12.9  1992    15.1  1961    15.0  1986    15.6  2017    41.7  1974    35.9  1967    31.8  2004    38.0  2002   135.7  1967
    16.3  2018    12.9  2001    13.7  1994    12.9  2008    12.0  2003    11.7  1963    10.6  1992    11.6  2001    12.8  1983    14.2  2002    15.0  1965    15.5  1979    40.9  2018    35.7  1998    31.7  1974    36.8  2006   135.4  2008
    16.2  1993    12.9  1980    13.2  1989    12.8  1979    12.0  1965    11.6  1990    10.3  2003    11.6  1986    12.6  2000    14.1  1974    14.0  1969    15.4  2013    40.9  2000    35.6  2006    31.5  2011    36.8  1968   135.0  1986
    15.6  2008    12.3  1961    13.0  1985    12.6  1993    11.8  2015    11.3  1966    10.3  1985    11.5  1997    12.3  1962    14.0  1980    13.6  2008    15.3  2018    40.8  1978    35.3  1975    31.4  1998    36.6  1961   134.4  2001
    15.6  1972    12.1  2011    13.0  1983    12.5  2018    11.8  1968    10.8  1971     9.6  1987    11.5  1982    12.2  2001    13.9  2006    13.6  2003    14.9  1985    40.5  2001    34.5  1977    31.3  1992    36.5  1987   133.5  1981
    15.5  1961    12.1  1996    12.8  2019    12.4  1965    11.7  1994    10.7  1977     9.5  1974    11.4  1968    11.8  1975    13.9  1996    13.6  1977    14.7  1984    39.0  1967    34.2  1966    31.3  1982    35.8  2015   133.0  2015
    15.4  1962    12.0  1994    12.7  1970    12.1  1999    11.5  1997    10.7  1964     9.4  2004    11.3  1962    11.3  1961    13.1  2005    13.4  2012    14.6  1994    38.9  2013    33.8  1988    30.2  1991    35.7  2008   131.8  2004
    15.2  2015    12.0  1989    12.5  2006    11.9  1994    11.3  2013     9.8  1965     9.3  2011    11.2  1961    10.8  2008    12.6  1984    13.4  2006    13.9  1997    38.7  2004    33.0  2016    30.2  1978    35.5  1994   131.4  1982
    15.1  1977    11.4  2017    12.3  1987    11.9  1964    11.0  1966     9.7  1974     9.3  2001    10.9  1979    10.4  1982    12.0  1989    13.1  1976    13.9  1969    37.6  1988    32.9  1985    28.9  2017    35.0  2009   131.3  1963
    15.0  2007    11.4  1969    12.2  1972    11.7  2005    10.7  1988     9.6  1978     9.1  1973    10.7  1965    10.1  2010    11.9  1986    12.9  1979    13.6  2006    37.4  1980    32.8  2012    28.8  2015    35.0  1966   130.2  1968
    14.9  1969    10.4  2016    12.2  1965    11.4  1972    10.7  1963     9.3  2002     9.0  2000    10.6  2017     9.9  1987    11.7  1990    12.8  2010    13.4  1981    36.9  2002    32.8  1970    28.6  1971    34.9  2014   129.1  2009
    14.9  1965    10.4  1979    11.9  1995    11.3  1992    10.2  1993     9.2  2003     9.0  1991    10.6  1967     9.8  2016    11.6  1994    12.4  1966    13.3  1972    36.0  1969    32.5  1964    28.5  2014    34.8  2004   126.7  1992
    14.7  1978    10.2  1967    11.5  2017    11.0  1968    10.1  1987     9.2  1993     9.0  1986    10.5  1966     9.5  2006    11.5  1993    11.9  2013    13.3  1967    35.9  1972    32.3  2014    28.0  2016    34.7  1970   126.6  2007
    13.9  2002    10.0  1999    11.2  1999    10.9  1962    10.0  1964     8.0  1989     8.9  1968    10.4  2011     9.5  2005    11.3  1968    11.9  1972    13.1  2003    35.7  2003    32.2  1992    28.0  1993    34.5  1996   126.6  1988
    13.9  1979     9.8  1984    11.1  2004    10.7  1985     9.7  1977     7.9  2014     8.9  1962    10.4  1969     9.4  2013    11.2  2008    11.8  1998    13.1  1983    35.6  1986    32.0  1978    27.6  1999    33.9  1999   126.1  1978
    13.3  2013     9.6  1988    11.0  1991    10.7  1978     9.5  2017     7.9  2005     8.7  1998     9.9  1978     9.3  2011    11.0  1992    11.8  1962    12.9  1977    34.5  1982    31.9  2004    27.5  2002    33.8  2010   126.0  1993
    12.8  1998     9.3  2015    10.9  1998    10.3  1977     9.4  1976     7.7  2013     8.6  1963     9.7  2018     9.3  1973    11.0  1988    11.7  2018    12.8  1989    34.5  1975    31.8  1987    27.2  1977    33.3  1980   125.9  1972
    12.5  2009     9.2  2005    10.6  2016    10.0  1973     9.2  1984     7.4  2017     8.4  2005     9.6  1996     9.1  1970    10.8  2010    11.7  1991    12.8  1964    34.2  2015    31.8  1968    27.1  2010    33.2  2017   125.8  1980
    12.5  1983     9.1  2006    10.6  1964     9.9  1991     9.1  1985     7.4  2008     8.3  1975     9.6  1994     9.0  2004    10.7  1983    11.4  1975    12.8  1961    34.0  1962    31.6  1999    26.4  2001    32.7  1965   125.4  1984
    12.4  2003     9.0  1987    10.2  2010     9.6  2014     9.0  2016     7.4  1979     8.1  1997     9.4  1988     9.0  1963    10.7  1979    11.3  1971    12.6  1976    33.4  1996    31.2  1962    26.3  1986    32.4  1993   124.9  1983
    12.3  1982     8.9  2018    10.0  1971     9.4  1987     8.9  2012     7.4  1969     8.1  1961     9.2  2000     8.4  2015    10.6  2009    11.2  2016    12.1  1990    32.8  1991    30.7  1989    26.3  1970    32.3  2005   124.8  2017
    12.1  2010     8.8  1982    10.0  1969     8.9  1990     8.9  2008     7.0  2004     8.0  2010     8.7  1970     8.4  1980    10.1  1977    10.9  1995    11.9  1995    32.5  1971    30.6  2002    25.0  1972    31.8  1995   124.8  2006
    12.1  1991     8.6  2019     9.9  2013     8.8  1969     8.6  1996     6.8  2009     7.9  1981     8.5  2009     8.2  2012     9.9  1963    10.9  1985    11.8  1980    32.5  1968    28.8  2005    24.8  1964    30.0  1986   124.7  1985
    11.8  1968     8.6  1991     9.3  1984     8.8  1967     8.4  2009     6.5  1988     7.5  1996     8.5  1980     8.2  1991     9.6  1999    10.9  1980    11.5  1973    32.1  2008    28.5  1973    24.6  2005    29.8  1990   124.4  2013
    11.7  1985     8.4  2009     9.0  1968     8.6  2009     8.4  2005     6.5  1970     7.5  1972     8.3  2005     8.0  1988     9.2  1964    10.7  1990    11.2  1982    32.0  1983    28.1  2013    24.5  2000    29.7  1962   124.3  1961
    11.5  1967     8.3  2004     8.9  2007     8.3  2006     8.4  1971     6.3  2000     7.3  2014     8.1  1987     7.5  1990     9.1  2011    10.5  2017    10.7  2007    31.8  2019    26.9  1993    24.5  1961    29.5  1977   123.3  1987
    11.4  2001     8.3  1983     8.8  2005     8.0  2002     8.3  1999     6.2  1981     7.3  1967     8.0  2007     7.0  2018     9.1  1991    10.4  1994    10.7  1974    31.7  1965    26.9  1982    23.4  2006    29.2  1983   121.9  2016
    11.2  2011     7.7  1973     8.8  2002     7.4  1988     8.3  1982     6.1  1984     7.0  1964     7.9  2013     6.7  1978     8.9  2015    10.3  1968    10.7  1962    31.1  2012    26.2  2015    23.3  1962    29.1  1979   121.4  1969
    10.9  1981     7.6  1992     8.6  2014     7.2  2003     7.9  1974     5.8  2015     6.9  2006     7.8  2016     6.5  2007     8.8  2003    10.2  2001     9.9  1970    30.9  2011    24.9  2017    23.0  1969    29.0  1991   120.0  2018
    10.9  1966     7.5  1976     8.6  1974     7.1  1981     7.7  2004     5.8  2010     6.4  1994     7.4  2002     6.4  1966     8.2  1973    10.2  1967     9.7  2014    30.8  1985    24.8  2007    22.6  1979    28.9  1975   118.3  2010
    10.8  2017     7.4  1968     8.3  2015     6.9  2013     7.5  2018     5.7  1994     6.1  2013     7.1  1964     5.9  1989     8.1  2018    10.2  1961     9.7  1968    30.3  1998    24.4  2009    22.2  2003    28.8  1997   116.6  1997
    10.7  2012     7.3  1964     8.3  1996     6.3  1996     7.0  1975     5.7  1992     6.0  2016     7.0  1984     5.8  1977     7.8  1970    10.0  1987     9.4  1992    30.3  1987    24.3  1991    22.2  1990    27.2  2016   116.1  1962
    10.2  2005     7.2  1981     8.2  1967     6.1  2015     6.9  1995     5.7  1986     5.7  1995     6.9  1975     5.5  1979     7.7  1997     9.8  1981     7.9  2005    30.0  1981    24.2  1980    22.1  1967    26.9  2018   114.8  1995
     9.4  1996     7.0  2013     8.0  1962     5.5  2010     6.8  1978     5.5  2001     5.4  1984     6.8  1989     5.4  1996     7.6  1971     9.7  2005     7.7  1987    28.5  1973    24.1  2003    21.8  1994    26.7  2011   113.0  2005
     9.0  1980     6.9  2003     7.4  2009     5.3  1971     6.6  1992     5.5  1983     5.2  1969     6.3  1993     5.3  1964     7.0  2017     9.7  1999     7.6  2010    28.4  2017    23.8  1971    21.7  2013    26.6  2003   112.6  1975
     8.5  1989     6.3  1975     7.1  1966     5.0  1995     6.5  2011     5.2  1961     5.1  1971     5.9  1998     5.2  1969     6.2  2016     9.4  2007     7.6  2004    28.3  1993    23.7  1995    21.6  1996    25.5  1989   112.4  1990
     7.9  2019     6.3  1963     6.4  1976     4.3  1982     6.5  2010     4.8  1973     4.9  1982     5.8  1990     4.8  1997     5.7  1995     9.2  2004     7.3  2001    28.1  2009    23.2  1996    19.6  1973    25.3  1973   109.9  1991
     7.5  1976     6.1  1971     6.0  2000     4.2  1980     5.9  2001     4.7  1995     4.8  1990     5.7  1973     4.6  1985     5.6  1975     9.1  1964     7.2  2008    27.0  2005    22.6  1961    19.5  1989    24.9  1988   109.2  1989
     7.5  1973     5.8  2008     5.1  1997     4.0  2017     5.7  1961     4.5  1996     4.8  1989     5.0  1972     4.3  1971     5.6  1962     8.3  2011     6.7  1971    26.6  1989    22.2  2010    18.6  1975    23.6  1964   109.1  2011
     6.6  2000     5.7  1962     5.1  1973     3.6  1997     5.3  1970     4.3  2006     4.7  1983     4.0  1991     4.2  1972     5.4  2007     8.0  1993     6.6  1996    25.2  1997    21.1  1984    18.4  1984    23.2  1971   107.5  1996
     6.3  2006     4.6  2012     4.9  2003     3.3  1976     4.9  1998     4.2  1967     4.4  2018     3.8  1981     4.1  2003     4.9  1985     7.8  1973     6.2  2016    23.3  2006    20.2  1997    18.0  1981    22.1  1969   106.8  1964
     5.7  1964     4.4  1985     4.8  2012     3.1  1974     4.7  1980     3.3  1975     4.4  1977     3.7  1983     3.7  2002     4.9  1972     7.6  1989     6.1  1988    22.5  1963    19.7  1974    15.7  2018    21.4  2007   105.1  2003
     5.5  1992     4.0  1965     4.1  1990     2.6  1984     3.4  1991     3.1  1962     4.4  1976     2.8  1976     3.2  1986     4.3  1965     7.1  1978     6.0  1975    21.1  1976    19.0  1976    13.9  1983    20.9  1972   104.9  1971
     5.5  1963     3.6  1998     4.0  1993     2.1  2011     3.1  1989     2.8  1976     4.3  1979     2.6  2003     3.1  2014     2.9  1969     5.9  1988     5.7  1991    18.8  1992    15.9  1990    12.7  1995    20.5  1985   104.2  1976
     5.0  1987     3.6  1986     3.2  2011     1.5  2007     2.9  1990     1.6  2018     3.4  1999     2.3  1995     3.1  2009     2.8  1978     5.8  1983     5.7  1963    18.8  1964    11.9  2011    10.0  1976    16.6  1978   100.1  1973
     4.5  1997     2.8  1993     2.2  1961
