Areal values from HadUK-Grid 1km gridded climate data from land surface network
Source: Met Office National Climate Information Centre
Monthly, seasonal and annual number of days in the month with precipitation amount >= 1mm for UK
Areal series, starting in 1891
Last updated 01-May-2020 15:15
year    jan    feb    mar    apr    may    jun    jul    aug    sep    oct    nov    dec     win     spr     sum     aut     ann
1891   13.6    3.5   13.3    8.7   15.3    8.9   15.2   21.5   15.5   18.6   15.4   18.6     ---    37.4    45.5    49.6   168.2
1892   15.3   13.6    7.4    8.7   13.7   13.6    9.8   15.7   14.9   19.2   13.8   11.9    47.5    29.8    39.0    48.0   157.6
1893   14.5   18.2    7.1    5.0    9.7    8.2   15.2   14.1   14.0   16.9   13.6   17.1    44.5    21.8    37.6    44.5   153.7
1894   19.8   16.7   10.4   12.6   15.8   13.0   16.4   16.7    6.7   15.3   14.8   15.7    53.6    38.8    46.1    36.8   173.8
1895   17.4    4.3   16.6   11.5    5.4    9.2   16.1   18.0    7.0   16.8   17.5   16.4    37.4    33.5    43.3    41.3   156.2
1896   10.2    7.4   19.6   11.4    3.8   14.1   12.3   14.1   20.8   18.5    8.8   20.2    34.1    34.8    40.6    48.0   161.2
1897   12.5   13.2   20.3   13.8   11.1   12.8    8.7   18.8   14.3    9.0   12.2   16.7    45.9    45.2    40.3    35.4   163.3
1898   11.1   15.2   11.6   13.4   16.3   12.1    6.6   14.8    8.3   15.4   14.1   17.5    43.0    41.2    33.5    37.8   156.2
1899   18.7   11.2   10.9   17.9   12.6    8.2   10.7    7.7   18.0   11.0   13.0   16.0    47.4    41.4    26.5    42.0   155.9
1900   21.5   16.8    8.3   13.1   11.2   16.0   13.7   15.2   10.5   19.1   19.1   21.1    54.3    32.6    45.0    48.7   185.6
1901   13.9   10.8   14.2   14.2    8.3   11.5    9.6   13.5   11.7   16.9   10.2   19.8    45.8    36.7    34.6    38.7   154.5
1902   12.6   10.0   14.7   11.1   18.1   13.6   13.5   16.4   11.5   15.0   13.5   14.0    42.4    44.0    43.5    40.0   164.0
1903   16.8   13.8   21.7   12.0   14.4    9.7   16.3   19.8   14.5   26.6   15.5   13.4    44.6    48.1    45.9    56.6   194.6
1904   18.1   18.3   12.8   14.9   14.7    9.0   12.2   16.1   11.0   10.9   12.7   15.2    49.8    42.4    37.3    34.6   166.0
1905   11.4   12.8   20.0   16.4    7.7   10.2   10.9   18.2   12.7   14.6   17.9   10.9    39.4    44.1    39.3    45.3   163.8
1906   20.1   16.2   13.9   10.3   17.8    8.9   11.0   15.0    7.4   21.3   16.6   17.8    47.2    42.0    34.9    45.3   176.3
1907   10.9   11.7   12.4   15.3   16.3   20.4   13.7   17.3    6.2   21.4   14.2   17.1    40.5    44.0    51.4    41.7   176.7
1908   12.2   14.9   18.0   12.9   14.5    8.9   12.3   13.7   16.4    9.7   12.6   17.3    44.2    45.4    34.9    38.6   163.3
1909   13.4    7.1   17.6   13.8   10.1   11.8   17.0   13.0   13.0   20.9    9.8   18.1    37.7    41.5    41.7    43.8   165.5
1910   17.1   20.8    8.3   16.3   14.8   12.1   13.3   18.3    5.3   11.8   17.1   20.3    56.0    39.4    43.7    34.2   175.5
1911   10.5   13.5   12.7   11.6    8.0   11.1    8.2   10.5   11.0   13.4   18.2   23.8    44.4    32.4    29.8    42.7   152.7
1912   16.5   14.4   20.4    4.6   10.8   20.4   13.5   21.1    6.9   14.7   14.2   20.5    54.7    35.9    55.0    35.8   178.2
1913   17.0    9.1   19.6   15.2   14.0   11.0    7.3    8.2   10.5   14.8   18.3   12.3    46.6    48.8    26.4    43.5   157.0
1914   11.4   16.2   21.1    9.6   11.7    9.2   14.0   12.6    9.7   11.2   18.4   21.5    39.9    42.3    35.8    39.3   166.5
1915   17.2   18.5   10.5   12.0    8.4    6.9   18.3   14.7    8.2   10.6   10.4   23.1    57.1    30.9    39.9    29.1   158.7
1916   15.8   20.0   16.2   12.7   14.8   14.0   12.4   12.9    9.2   21.1   16.6   17.3    59.0    43.7    39.3    46.9   183.1
1917   11.5    7.6   14.8   13.6   10.5   11.5    9.4   21.4   12.3   21.1   15.1   11.7    36.4    39.0    42.3    48.6   160.7
1918   15.1   16.1    8.2    9.6   10.7    9.1   16.9   13.2   22.7   16.5   12.6   20.8    42.9    28.5    39.2    51.9   171.6
1919   19.5    9.5   15.4   14.3    7.0   11.9    8.3   12.4   12.9   11.4   16.9   22.2    49.8    36.6    32.6    41.2   161.6
1920   19.2   12.1   16.8   20.2   14.8   10.2   20.5    9.9   12.8    9.0   11.4   15.8    53.5    51.8    40.5    33.2   172.5
1921   20.1    4.3   17.5    8.4   13.6    4.8    9.2   16.1    8.0   12.5   11.4   17.8    40.2    39.5    30.1    31.9   143.7
1922   20.2   16.7   14.1   14.9    9.7   11.8   17.9   15.8   13.0    8.5   11.0   17.2    54.7    38.7    45.6    32.5   171.0
1923   15.7   20.2   10.6   13.3   15.0    8.2   14.7   17.6   16.3   21.6   15.6   18.8    53.2    38.9    40.6    53.5   187.7
1924   16.3    9.2    6.8   12.5   20.4   13.2   17.9   19.3   17.5   15.3   11.3   17.6    44.3    39.7    50.3    44.1   177.2
1925   13.5   19.3   11.3   15.9   19.1    3.3   12.3   14.7   16.0   14.5   11.8   16.9    50.3    46.4    30.3    42.3   168.7
1926   19.7   15.3    9.7   13.7   15.8   13.2   11.7   14.1   13.0   14.7   19.8    9.7    51.9    39.2    38.9    47.5   170.4
1927   18.9   12.7   16.7   15.0    9.6   17.3   15.2   18.8   18.5   13.3   16.2    9.8    41.3    41.3    51.3    48.0   182.0
1928   23.4   13.6   16.1   11.0    8.8   16.9   10.6   16.2    9.7   19.6   18.8   16.4    46.8    35.9    43.8    48.0   181.1
1929    9.4    8.4    3.2    9.3   11.3   11.9   10.8   15.8    7.5   18.0   20.5   23.4    34.2    23.8    38.6    46.0   149.6
1930   19.3    5.7   13.2   13.9   12.3    9.4   15.3   18.5   15.5   19.5   16.7   16.6    48.4    39.4    43.2    51.7   175.9
1931   17.3   18.2    6.6   16.5   15.1   14.8   18.9   12.7   10.1   10.6   17.9   12.4    52.2    38.2    46.3    38.5   171.1
1932   14.6    3.1   11.7   19.1   16.8    4.8   17.0    9.2   16.2   21.6   12.3   13.0    30.1    47.6    31.0    50.1   159.4
1933   12.6   14.5   12.7   10.2   12.5   10.5   13.1   10.3    7.5   15.3   10.4    7.5    40.1    35.4    33.9    33.2   137.1
1934   16.2    4.3   15.9   15.5   10.9    9.1   10.8   15.6   15.2   18.4   10.3   23.0    28.0    42.2    35.6    43.9   165.3
1935   11.0   16.4    8.9   16.4    6.3   17.9    8.1    9.9   18.3   20.2   19.5   15.8    50.4    31.6    35.9    58.1   168.7
1936   19.3   13.1   13.0   10.0    7.7   12.6   20.7    9.6   13.6   13.3   15.4   17.1    48.2    30.7    42.9    42.3   165.4
1937   20.0   19.7   15.1   12.9   11.1   10.6   12.0    8.7   13.1   10.9    9.1   15.0    56.8    39.1    31.4    33.1   158.4
1938   20.1    9.2    8.6    3.3   13.6   13.3   15.6   13.2   13.9   19.8   18.7   18.1    44.4    25.5    42.1    52.4   167.3
1939   19.1   13.9   14.9   12.6    7.1   11.2   19.2   11.2    7.4   15.0   21.1   10.7    51.1    34.5    41.7    43.5   163.4
1940   10.0   12.3   14.8   13.5    9.2    5.8   18.3    7.9   11.7   14.8   19.3   15.1    33.0    37.5    32.1    45.8   152.8
1941   12.8   16.7   12.3    9.8   10.5    5.6   12.8   19.9    5.6   14.2   15.8   11.7    44.6    32.6    38.3    35.6   147.6
1942   16.4    7.8   11.5    8.6   13.4    5.5   14.7   15.8   15.0   17.0    8.1   19.0    35.8    33.4    35.9    40.1   152.6
1943   20.2   12.0    7.8   11.6   12.3   13.6   10.8   17.8   14.6   14.7   16.3   10.3    51.2    31.8    42.1    45.5   161.8
1944   16.3   10.7    6.5   10.9    9.6   13.9   12.6   11.3   14.9   17.7   21.0   15.0    37.3    27.0    37.8    53.7   160.6
1945   14.9   15.6    8.9   10.0   16.0   16.4   10.9   10.3   13.2   11.2    5.9   17.0    45.5    34.8    37.6    30.4   150.2
1946   14.1   14.2    9.0    9.1    9.9   17.9   14.4   18.9   18.2    6.3   19.9   16.9    45.2    28.1    51.2    44.4   168.9
1947   14.6    8.7   19.9   14.7   13.1   14.1   12.9    2.0   12.9    7.9   16.0   13.4    40.2    47.6    29.1    36.8   150.1
1948   22.9   12.0    8.1   11.9   10.8   16.9   11.1   15.8   13.6   14.3   11.8   15.7    48.2    30.8    43.8    39.7   164.8
1949   13.5   11.3    9.5   13.3   12.2    6.4    8.0   11.1    8.2   16.5   17.9   18.6    40.5    35.0    25.5    42.6   146.5
1950   10.0   16.8   10.7   17.4    9.7   10.6   16.3   18.6   21.3   12.6   18.5   14.8    45.3    37.8    45.5    52.4   177.3
1951   17.2   17.6   17.2   14.3   11.1    8.9   11.1   19.1   12.1    7.3   21.8   17.6    49.6    42.6    39.1    41.2   175.3
1952   16.9    9.0   12.4   10.9   11.3   12.0    9.7   14.7   14.5   15.7   14.2   18.4    43.5    34.7    36.3    44.3   159.7
1953    9.2   10.4    5.4   13.8   10.5   11.3   18.9   13.9   13.2   11.0   14.0   12.0    38.0    29.7    44.1    38.2   143.6
1954   12.4   15.7   13.1    5.9   12.6   13.3   15.6   17.4   19.5   19.1   19.5   16.8    40.2    31.5    46.3    58.0   180.7
1955   13.6   13.6    8.5    9.4   16.3   11.1    3.5    6.4   12.8   12.7    9.9   18.7    43.9    34.1    21.1    35.4   136.5
1956   18.0    9.4    8.1    9.0    8.5   13.4   14.2   20.2   13.0   12.3   10.0   18.0    46.1    25.6    47.8    35.3   154.1
1957   16.4   15.5   15.1    6.2   10.1    9.7   16.1   15.4   16.6   13.7    9.4   14.7    49.9    31.4    41.2    39.6   158.8
1958   15.8   16.2   10.5    8.5   15.0   15.0   14.9   17.6   13.5   14.0    8.8   17.2    46.7    34.0    47.5    36.4   167.1
1959   13.6    5.2   13.4   15.4    7.0   11.3   11.1    7.1    3.6   12.8   18.3   22.8    35.9    35.7    29.5    34.7   141.4
1960   16.2   15.0   10.1   10.3    6.7    9.7   18.8   18.3   13.6   19.8   21.1   16.7    54.0    27.1    46.8    54.4   176.3
1961   16.2   14.3    7.2   16.1    7.7    9.1   10.7   15.3   14.7   18.9   12.4   13.6    47.2    31.0    35.1    46.1   156.2
1962   18.4   10.3    9.6   11.6   13.4    7.6    9.4   16.1   15.4    8.2   13.1   14.0    42.3    34.6    33.1    36.7   147.1
1963    7.2    6.3   16.3   14.9   14.5   14.0   11.8   17.4   12.4   14.0   20.5    7.4    27.5    45.8    43.2    46.9   156.7
1964    8.0    7.9   10.4   14.4   12.2   12.2   10.2   11.9   11.0   11.3   12.2   16.0    23.3    37.0    34.3    34.6   137.8
1965   16.2    5.8   12.1   14.7   13.5   13.1   14.3   13.3   16.0    8.0   15.5   20.5    38.1    40.3    40.7    39.5   163.0
1966   10.9   16.3   12.4   14.2   13.7   14.5   12.9   12.3   10.2   17.1   15.4   20.6    47.6    40.3    39.7    42.7   170.4
1967   14.3   13.0   14.3   10.1   20.4    7.7   11.8   13.0   15.7   21.3   13.4   15.5    47.8    44.7    32.5    50.4   170.3
1968   15.1    9.3   12.9   11.4   13.0   12.3   10.6   10.6   15.7   15.0   11.2   11.5    40.0    37.3    33.5    41.9   148.6
1969   17.1   12.9    9.5   11.2   18.1   10.2    8.8   12.1    9.1    8.7   17.2   14.9    41.5    38.8    31.1    35.1   149.8
1970   17.7   15.8   15.3   16.3    8.2    8.2   14.9   10.1   13.7   13.5   20.5   12.5    48.4    39.8    33.1    47.7   166.6
1971   16.1    9.1   12.2    6.6   10.8   12.5    8.0   13.9    7.1   11.2   14.6   10.2    37.8    29.6    34.4    32.8   132.2
1972   17.2   13.6   13.0   13.4   15.2   16.1    9.5    8.0    5.2    6.9   15.8   14.5    41.0    41.6    33.7    27.8   148.4
1973   11.0   11.3    7.6   11.7   14.7    8.0   11.4   10.6   11.5   10.5   12.3   15.5    36.8    34.0    30.0    34.3   136.0
1974   19.5   15.2   10.1    2.9   10.5   10.7   14.2   13.9   19.6   16.2   18.6   18.2    50.1    23.5    38.8    54.4   169.6
1975   20.9    7.1   13.0   15.7    6.9    6.0   12.1    9.2   15.7    7.9   13.9    9.8    46.1    35.6    27.3    37.5   138.1
1976   14.2    9.9   10.9    6.5   14.9    6.9    7.3    3.4   14.4   20.8   13.7   14.4    33.9    32.3    17.6    48.8   137.2
1977   15.4   17.8   16.2   15.0    9.4   11.1    7.1   11.6   10.6   13.8   17.4   14.1    47.6    40.6    29.8    41.8   159.5
1978   17.2   13.6   17.7    9.8    7.3   10.9   11.8   13.3   13.2    8.8   13.1   19.0    44.9    34.8    36.1    35.0   155.8
1979   14.9    8.7   18.9   15.0   17.1    9.5    9.3   14.2   10.5   14.3   17.2   18.2    42.7    51.0    33.0    42.1   167.9
1980   12.6   14.3   16.4    4.5    5.6   17.0   12.9   13.1   14.8   17.1   15.1   17.3    45.1    26.4    43.0    47.1   160.8
1981   15.7    9.3   19.5    7.3   16.6   10.7   11.5    6.6   16.0   19.3   15.0   12.9    42.3    43.5    28.9    50.3   160.5
1982   13.8   11.0   15.9    6.5    9.8   13.2    6.4   16.0   14.2   17.4   18.9   15.8    37.7    32.1    35.7    50.6   158.9
1983   18.0    8.7   17.2   15.5   17.8    8.4    5.8    5.9   15.6   16.7    7.5   17.1    42.6    50.5    20.1    39.8   154.3
1984   21.0   11.7   10.7    5.3    7.4    8.5    6.6    8.0   16.7   17.0   18.0   16.9    49.9    23.5    23.1    51.8   148.0
1985   12.8    5.2   14.3   14.5   10.3   15.0   15.0   20.7   11.8    7.5   13.7   18.0    34.8    39.2    50.6    32.9   158.7
1986   19.5    4.2   16.7   14.5   17.5    7.3   11.5   13.9    5.6   15.1   18.0   20.4    41.8    48.7    32.7    38.7   164.3
1987    7.8   10.4   15.1    9.7   11.0   16.5   12.2   11.3   13.7   17.4   12.5   11.0    38.5    35.8    40.1    43.6   148.7
1988   21.1   13.8   18.6    9.1   10.8    6.2   20.6   15.1   12.1   14.5    9.1   11.7    45.9    38.4    41.9    35.7   162.6
1989   12.2   15.9   17.1   13.7    6.1    9.4    6.4   13.0    8.5   16.6    8.9   11.8    39.8    37.0    28.8    34.0   139.7
1990   20.8   19.6   10.7   11.5    6.4   14.8    7.8   11.1   11.0   15.7   12.2   14.9    52.2    28.6    33.8    39.0   156.5
1991   13.5   10.4   13.5   11.4    5.2   18.1   11.4    7.7   10.3   12.1   16.2    8.9    38.7    30.1    37.3    38.7   138.8
1992    7.4   12.8   18.7   15.1    8.9    6.5   13.0   18.2   15.9   13.0   20.2   12.1    29.1    42.8    37.7    49.0   161.8
1993   20.3    6.0    8.9   14.1   12.2   10.6   15.3   10.4   12.7   11.7    9.5   21.9    38.3    35.1    36.3    33.9   153.5
1994   20.1   12.5   19.4   14.8    8.9   10.7    9.2   11.6   14.5   13.5   14.3   18.8    54.5    43.1    31.5    42.3   168.2
1995   19.9   18.7   16.3    7.7   11.2    6.4    9.3    4.6   15.6   12.8   12.7   10.9    57.4    35.2    20.3    41.1   146.1
1996   11.3   14.2    8.2   11.5   11.3    7.7    9.8   11.5    6.4   17.8   17.7    9.5    36.4    31.0    29.0    42.0   137.1
1997    5.7   18.0   10.6    6.3   12.6   15.4   11.5   11.7    8.8   10.0   17.4   16.5    33.2    29.5    38.6    36.2   144.5
1998   15.7    9.8   13.6   19.1    7.6   17.1   14.1   10.8   12.7   19.4   16.1   18.0    42.0    40.3    42.1    48.2   174.1
1999   19.5   13.7   13.9   13.7   11.7   13.5    7.7   12.4   16.1   12.7   12.8   21.5    51.2    39.3    33.6    41.6   169.3
2000   12.0   18.9    9.8   16.9   12.6   10.2    9.4   13.7   16.0   20.7   21.0   17.3    52.5    39.4    33.3    57.7   178.6
2001   11.8   13.4   14.1   15.8    7.4    9.5   11.6   14.7   13.6   19.0   14.4   11.1    42.5    37.3    35.8    47.1   156.5
2002   16.2   19.7   11.8   10.4   15.9   14.2   14.4   10.3    5.4   16.4   20.3   14.9    47.0    38.1    38.9    42.0   169.8
2003   15.6    7.7    7.7    8.3   16.8   11.4   12.5    5.0    9.2   10.7   15.6   14.2    38.2    32.8    28.9    35.5   134.7
2004   19.9   10.5   12.4   14.9    9.0   12.9   12.4   16.7   13.3   18.8   13.1   13.5    44.6    36.3    42.0    45.2   167.3
2005   14.9   11.9   11.5   13.7   12.7   10.7    8.8   12.1   12.7   15.3   13.8   11.6    40.3    37.9    31.6    41.8   149.7
2006    8.7   10.2   16.1   12.2   16.5    6.6    8.3   14.4   12.9   17.4   17.2   16.3    30.6    44.8    29.3    47.5   156.7
2007   18.8   16.4   11.6    4.0   15.5   15.0   18.0   11.3   10.0    8.1   14.1   13.6    51.5    31.2    44.2    32.2   156.4
2008   20.5    9.8   18.3   15.2    7.1   11.8   13.7   18.3   13.1   16.5   15.3   11.3    43.9    40.6    43.8    45.0   171.0
2009   15.0   10.4   12.0   10.4   13.6    9.1   19.4   15.1    7.5   14.1   22.2   17.1    36.7    36.0    43.6    43.7   165.9
2010   13.8   13.9   11.6    8.5    8.7    6.7   14.0   14.2   13.7   13.1   16.5    9.6    44.8    28.9    34.9    43.4   144.5
2011   13.1   16.0    7.6    5.3   14.2   13.8   10.7   14.4   14.7   15.8   12.0   20.9    38.7    27.1    38.9    42.6   158.6
2012   14.5    8.9    6.3   18.8   10.0   16.8   17.0   16.1   13.6   16.4   16.3   19.8    44.3    35.0    49.8    46.2   174.3
2013   15.7    8.6   10.5   10.3   13.2    9.3    8.5   11.2   11.0   19.2   13.9   18.8    44.1    34.1    28.9    44.2   150.3
2014   23.5   20.3   12.4   11.2   15.5    9.5   10.5   17.1    4.8   18.2   16.3   15.6    62.6    39.0    37.2    39.2   174.8
2015   18.7   11.1   12.8    8.7   15.5    9.2   16.2   14.5    8.5   10.1   20.7   22.2    45.4    37.0    39.9    39.4   168.2
2016   20.7   13.8   12.0   15.1    9.4   14.7   13.1   11.4   13.6    8.3   12.8   11.2    56.7    36.6    39.3    34.7   156.2
2017   12.3   13.9   14.5    7.3    9.8   13.0   14.9   14.9   18.1   13.9   15.4   17.0    37.4    31.6    42.8    47.3   164.9
2018   18.4   12.6   16.7   13.6    7.8    4.9    7.8   13.4   12.8   11.9   14.7   16.0    48.0    38.0    26.2    39.4   150.6
2019   10.9   10.2   16.0    7.7   10.7   14.5   11.0   15.7   15.4   17.4   17.5   17.6    37.1    34.4    41.2    50.3   164.6
2020   14.9   21.5   11.8    5.8                                                            54.1                                
